5.6 -9.21045e+06
5.60133 -9.57337e+06
5.60266 -9.94145e+06
5.60398 -1.03147e+07
5.60531 -1.06931e+07
5.60664 -1.10767e+07
5.60797 -1.14655e+07
5.60929 -1.18594e+07
5.61062 -1.22586e+07
5.61195 -1.2663e+07
5.61328 -1.30725e+07
5.61461 -1.34873e+07
5.61593 -1.39073e+07
5.61726 -1.43326e+07
5.61859 -1.47631e+07
5.61992 -1.51988e+07
5.62124 -1.56398e+07
5.62257 -1.60861e+07
5.6239 -1.65376e+07
5.62523 -1.69944e+07
5.62656 -1.74565e+07
5.62788 -1.79238e+07
5.62921 -1.83965e+07
5.63054 -1.88745e+07
5.63187 -1.93577e+07
5.63319 -1.98463e+07
5.63452 -2.03402e+07
5.63585 -2.08395e+07
5.63718 -2.13441e+07
5.63851 -2.1854e+07
5.63983 -2.23693e+07
5.64116 -2.28899e+07
5.64249 -2.34159e+07
5.64382 -2.39473e+07
5.64514 -2.4484e+07
5.64647 -2.50261e+07
5.6478 -2.55737e+07
5.64913 -2.61266e+07
5.65045 -2.66849e+07
5.65178 -2.72487e+07
5.65311 -2.78179e+07
5.65444 -2.83925e+07
5.65577 -2.89725e+07
5.65709 -2.9558e+07
5.65842 -3.01489e+07
5.65975 -3.07453e+07
5.66108 -3.13471e+07
5.6624 -3.19544e+07
5.66373 -3.25672e+07
5.66506 -3.31855e+07
5.66639 -3.38093e+07
5.66772 1.47169e+06
5.66904 3.32645e+06
5.67037 5.18118e+06
5.6717 7.03587e+06
5.67303 8.89052e+06
5.67435 1.07451e+07
5.67568 1.25997e+07
5.67701 1.44542e+07
5.67834 1.63086e+07
5.67967 1.8163e+07
5.68099 2.00174e+07
5.68232 2.18717e+07
5.68365 2.37259e+07
5.68498 2.558e+07
5.6863 2.7434e+07
5.68763 2.9288e+07
5.68896 3.11419e+07
5.69029 3.29957e+07
5.69162 3.48495e+07
5.69294 3.67031e+07
5.69427 3.85567e+07
5.6956 4.04101e+07
5.69693 4.22634e+07
5.69825 4.41167e+07
5.69958 4.59698e+07
5.70091 4.78228e+07
5.70224 4.96757e+07
5.70357 5.15285e+07
5.70489 5.33812e+07
5.70622 5.52337e+07
5.70755 5.70861e+07
5.70888 5.89384e+07
5.7102 6.07905e+07
5.71153 6.26426e+07
5.71286 6.44944e+07
5.71419 6.63461e+07
5.71552 6.81977e+07
5.71684 7.00491e+07
5.71817 7.19004e+07
5.7195 7.37515e+07
5.72083 7.56024e+07
5.72215 7.74532e+07
5.72348 7.93038e+07
5.72481 8.11542e+07
5.72614 8.30045e+07
5.72746 8.48546e+07
5.72879 8.67045e+07
5.73012 8.85542e+07
5.73145 9.04037e+07
5.73278 9.2253e+07
5.7341 9.41021e+07
5.73543 9.59511e+07
5.73676 9.77998e+07
5.73809 9.96483e+07
5.73941 1.01497e+08
5.74074 1.03345e+08
5.74207 1.05193e+08
5.7434 1.0704e+08
5.74473 1.08888e+08
5.74605 1.10735e+08
5.74738 1.12582e+08
5.74871 1.14429e+08
5.75004 1.16275e+08
5.75136 1.18121e+08
5.75269 1.19967e+08
5.75402 1.21813e+08
5.75535 1.23659e+08
5.75668 1.25504e+08
5.758 1.27349e+08
5.75933 1.29194e+08
5.76066 1.31038e+08
5.76199 1.32883e+08
5.76331 1.34727e+08
5.76464 1.3657e+08
5.76597 1.38414e+08
5.7673 1.40257e+08
5.76863 1.421e+08
5.76995 1.43942e+08
5.77128 1.45784e+08
5.77261 1.47626e+08
5.77394 1.49468e+08
5.77526 1.51309e+08
5.77659 1.53151e+08
5.77792 139938
5.77925 1.35547e+06
5.78058 2.57262e+06
5.7819 3.79141e+06
5.78323 5.01182e+06
5.78456 6.23386e+06
5.78589 7.45753e+06
5.78721 8.68282e+06
5.78854 9.90974e+06
5.78987 1.11383e+07
5.7912 1.23684e+07
5.79253 1.36002e+07
5.79385 1.48337e+07
5.79518 1.60687e+07
5.79651 1.73054e+07
5.79784 1.85436e+07
5.79916 1.97835e+07
5.80049 2.10251e+07
5.80182 2.22682e+07
5.80315 2.3513e+07
5.80447 2.47594e+07
5.8058 2.60074e+07
5.80713 2.7257e+07
5.80846 2.85082e+07
5.80979 2.97611e+07
5.81111 3.10156e+07
5.81244 3.22717e+07
5.81377 3.35294e+07
5.8151 3.47887e+07
5.81642 3.60497e+07
5.81775 3.73122e+07
5.81908 3.85764e+07
5.82041 3.98422e+07
5.82174 4.11096e+07
5.82306 4.23786e+07
5.82439 4.36492e+07
5.82572 4.49215e+07
5.82705 4.61953e+07
5.82837 4.74708e+07
5.8297 4.87479e+07
5.83103 5.00265e+07
5.83236 5.13068e+07
5.83369 5.25887e+07
5.83501 5.38722e+07
5.83634 5.51574e+07
5.83767 5.64441e+07
5.839 5.77324e+07
5.84032 5.90224e+07
5.84165 6.03139e+07
5.84298 6.16071e+07
5.84431 6.29018e+07
5.84564 6.41982e+07
5.84696 6.54961e+07
5.84829 6.67957e+07
5.84962 6.80969e+07
5.85095 6.93997e+07
5.85227 7.0704e+07
5.8536 7.201e+07
5.85493 7.33176e+07
5.85626 7.46268e+07
5.85759 7.59376e+07
5.85891 7.725e+07
5.86024 7.85639e+07
5.86157 7.98795e+07
5.8629 8.11967e+07
5.86422 8.25155e+07
5.86555 8.38359e+07
5.86688 8.51578e+07
5.86821 8.64814e+07
5.86954 8.78066e+07
5.87086 8.91333e+07
5.87219 9.04617e+07
5.87352 9.17916e+07
5.87485 9.31232e+07
5.87617 9.44563e+07
5.8775 9.57911e+07
5.87883 9.71274e+07
5.88016 9.84653e+07
5.88148 9.98048e+07
5.88281 1.01146e+08
5.88414 1.02489e+08
5.88547 1.03833e+08
5.8868 1.05179e+08
5.88812 1.06526e+08
5.88945 1.01927e+06
5.89078 3.40025e+06
5.89211 5.78378e+06
5.89343 8.16986e+06
5.89476 1.05585e+07
5.89609 1.29497e+07
5.89742 1.53434e+07
5.89875 1.77396e+07
5.90007 2.01384e+07
5.9014 2.25397e+07
5.90273 2.49436e+07
5.90406 2.735e+07
5.90538 2.9759e+07
5.90671 3.21704e+07
5.90804 3.45844e+07
5.90937 3.7001e+07
5.9107 3.942e+07
5.91202 4.18416e+07
5.91335 4.42657e+07
5.91468 4.66924e+07
5.91601 4.91215e+07
5.91733 5.15532e+07
5.91866 5.39874e+07
5.91999 5.64241e+07
5.92132 5.88633e+07
5.92265 6.13051e+07
5.92397 6.37493e+07
5.9253 6.61961e+07
5.92663 6.86454e+07
5.92796 7.10972e+07
5.92928 7.35515e+07
5.93061 7.60083e+07
5.93194 7.84676e+07
5.93327 8.09294e+07
5.9346 8.33937e+07
5.93592 8.58605e+07
5.93725 8.83298e+07
5.93858 9.08016e+07
5.93991 9.32759e+07
5.94123 9.57527e+07
5.94256 9.8232e+07
5.94389 1.00714e+08
5.94522 1.03198e+08
5.94655 1.05685e+08
5.94787 1.08174e+08
5.9492 1.10666e+08
5.95053 1.1316e+08
5.95186 1.15657e+08
5.95318 1.18156e+08
5.95451 1.20658e+08
5.95584 1.23162e+08
5.95717 1.25668e+08
5.95849 1.28177e+08
5.95982 1.30689e+08
5.96115 1.33203e+08
5.96248 1.35719e+08
5.96381 1.38238e+08
5.96513 1.4076e+08
5.96646 1.43284e+08
5.96779 1.4581e+08
5.96912 1.48339e+08
5.97044 1.5087e+08
5.97177 1.53404e+08
5.9731 1.5594e+08
5.97443 1.58479e+08
5.97576 1.6102e+08
5.97708 1.63563e+08
5.97841 1.66109e+08
5.97974 1.68658e+08
5.98107 1.71209e+08
5.98239 1.73762e+08
5.98372 1.76318e+08
5.98505 1.78876e+08
5.98638 1.81437e+08
5.98771 1.84e+08
5.98903 1.86566e+08
5.99036 1.89134e+08
5.99169 1.91704e+08
5.99302 1.94277e+08
5.99434 1.96852e+08
5.99567 1.9943e+08
5.997 2.0201e+08
