5.1 -3.81469e+12
5.10201 -4.0447e+12
5.10401 -4.28369e+12
5.10602 -4.53182e+12
5.10803 -4.78928e+12
5.11003 -5.05622e+12
5.11204 -7.73938e+09
5.11405 -2.46525e+10
5.11605 -4.17322e+10
5.11806 -5.88548e+10
5.12007 -7.58966e+10
5.12207 -9.2734e+10
5.12408 -1.09243e+11
5.12609 -1.25301e+11
5.12809 -1.40783e+11
5.1301 -1.55567e+11
5.13211 -1.69527e+11
5.13411 -1.82542e+11
5.13612 -1.94486e+11
5.13813 -2.05237e+11
5.14013 -2.14671e+11
5.14214 -2.22663e+11
5.14415 -2.29091e+11
5.14615 -2.33832e+11
5.14816 -2.3676e+11
5.15017 -2.37752e+11
5.15217 -2.36686e+11
5.15418 -2.33437e+11
5.15619 -2.27881e+11
5.15819 -2.19896e+11
5.1602 -2.09357e+11
5.16221 -1.9614e+11
5.16421 -1.80122e+11
5.16622 -1.6118e+11
5.16823 -1.39189e+11
5.17023 -1.14027e+11
5.17224 -8.55686e+10
5.17425 -5.36912e+10
5.17625 -1.8271e+10
5.17826 2.08158e+10
5.18027 6.36928e+10
5.18227 1.10484e+11
5.18428 1.61312e+11
5.18629 2.16301e+11
5.18829 2.75575e+11
5.1903 3.39258e+11
5.19231 4.07473e+11
5.19431 4.80343e+11
5.19632 5.57993e+11
5.19833 6.40545e+11
5.20033 7.28125e+11
5.20234 8.20854e+11
5.20435 9.18858e+11
5.20635 1.02226e+12
5.20836 1.13118e+12
5.21037 1.24575e+12
5.21237 1.36608e+12
5.21438 1.49231e+12
5.21639 1.62456e+12
5.21839 1.76294e+12
5.2204 1.90759e+12
5.22241 -3.36668e+09
5.22441 -3.99265e+10
5.22642 -7.68557e+10
5.22843 -1.1416e+11
5.23043 -1.51844e+11
5.23244 -1.89913e+11
5.23445 -2.28374e+11
5.23645 -2.67231e+11
5.23846 -3.0649e+11
5.24047 -3.46156e+11
5.24247 -3.86235e+11
5.24448 -4.26732e+11
5.24649 -4.67653e+11
5.24849 -5.09003e+11
5.2505 -5.50787e+11
5.25251 -5.93011e+11
5.25452 -6.35681e+11
5.25652 -6.78801e+11
5.25853 -7.22378e+11
5.26054 -7.66416e+11
5.26254 -8.10921e+11
5.26455 -8.55899e+11
5.26656 -9.01355e+11
5.26856 -9.47294e+11
5.27057 -9.93722e+11
5.27258 -1.04064e+12
5.27458 -1.08807e+12
5.27659 -1.13599e+12
5.2786 -1.18443e+12
5.2806 -1.23338e+12
5.28261 -1.28286e+12
5.28462 -1.33286e+12
5.28662 -1.38339e+12
5.28863 -1.43447e+12
5.29064 -1.48608e+12
5.29264 -1.53824e+12
5.29465 -1.59096e+12
5.29666 -1.64424e+12
5.29866 -1.69808e+12
5.30067 -1.75249e+12
5.30268 -1.80748e+12
5.30468 -1.86305e+12
5.30669 -1.9192e+12
5.3087 -1.97595e+12
5.3107 -2.0333e+12
5.31271 -2.09124e+12
5.31472 -2.1498e+12
5.31672 -2.20897e+12
5.31873 -2.26876e+12
5.32074 -2.32917e+12
5.32274 -2.39022e+12
5.32475 -2.45189e+12
5.32676 -2.51421e+12
5.32876 -2.57718e+12
5.33077 -2.6408e+12
5.33278 -2.70508e+12
5.33478 -4.11394e+10
5.33679 -9.87648e+10
5.3388 -1.57602e+11
5.3408 -2.18136e+11
5.34281 -2.80855e+11
5.34482 -3.46244e+11
5.34682 -4.1479e+11
5.34883 -4.8698e+11
5.35084 -5.63299e+11
5.35284 -6.44234e+11
5.35485 -7.30272e+11
5.35686 -8.21898e+11
5.35886 -9.19599e+11
5.36087 -1.02386e+12
5.36288 -1.13517e+12
5.36488 -1.25402e+12
5.36689 -1.38088e+12
5.3689 -1.51626e+12
5.3709 -1.66062e+12
5.37291 -1.81447e+12
5.37492 -1.97828e+12
5.37692 -2.15254e+12
5.37893 -2.33775e+12
5.38094 -2.53438e+12
5.38294 -2.74291e+12
5.38495 -2.96385e+12
5.38696 -3.19767e+12
5.38896 -3.44487e+12
5.39097 -3.70592e+12
5.39298 -3.98131e+12
5.39498 -4.27153e+12
5.39699 -4.57707e+12
5.399 -4.89841e+12
5.401 -5.23604e+12
5.40301 -5.59045e+12
5.40502 -5.96212e+12
5.40702 -6.35153e+12
5.40903 -6.75918e+12
5.41104 -7.18555e+12
5.41304 -7.63113e+12
5.41505 -8.0964e+12
5.41706 -8.58185e+12
5.41906 -9.08797e+12
5.42107 -9.61524e+12
5.42308 -1.01641e+13
5.42508 -1.07352e+13
5.42709 -1.13288e+13
5.4291 -1.19456e+13
5.4311 -1.25859e+13
5.43311 -1.32503e+13
5.43512 -1.39393e+13
5.43712 -1.46533e+13
5.43913 -1.53928e+13
5.44114 -1.61583e+13
5.44314 -1.69504e+13
5.44515 -2.7344e+10
5.44716 -1.05278e+11
5.44916 -1.83463e+11
5.45117 -2.61806e+11
5.45318 -3.4021e+11
5.45518 -4.18583e+11
5.45719 -4.96829e+11
5.4592 -5.74855e+11
5.4612 -6.52566e+11
5.46321 -7.29868e+11
5.46522 -8.06667e+11
5.46722 -8.82867e+11
5.46923 -9.58375e+11
5.47124 -1.0331e+12
5.47324 -1.10694e+12
5.47525 -1.1798e+12
5.47726 -1.2516e+12
5.47926 -1.32223e+12
5.48127 -1.39161e+12
5.48328 -1.45963e+12
5.48528 -1.5262e+12
5.48729 -1.59124e+12
5.4893 -1.65463e+12
5.4913 -1.7163e+12
5.49331 -1.77615e+12
5.49532 -1.83407e+12
5.49732 -1.88998e+12
5.49933 -1.94379e+12
5.50134 -1.99539e+12
5.50334 -2.0447e+12
5.50535 -2.09162e+12
5.50736 -2.13605e+12
5.50936 -2.1779e+12
5.51137 -2.21708e+12
5.51338 -2.2535e+12
5.51538 -2.28705e+12
5.51739 -2.31764e+12
5.5194 -2.34519e+12
5.5214 -2.36959e+12
5.52341 -2.39075e+12
5.52542 -2.40858e+12
5.52742 -2.42297e+12
5.52943 -2.43385e+12
5.53144 -2.44111e+12
5.53344 -2.44466e+12
5.53545 -2.4444e+12
5.53746 -2.44025e+12
5.53946 -2.4321e+12
5.54147 -2.41986e+12
5.54348 -2.40344e+12
5.54548 -2.38274e+12
5.54749 -2.35768e+12
5.5495 -2.32814e+12
5.55151 -2.29405e+12
5.55351 -2.2553e+12
5.55552 -2.2118e+12
5.55753 -9.7013e+10
5.55953 -1.96553e+11
5.56154 -2.97126e+11
5.56355 -3.99061e+11
5.56555 -5.0269e+11
5.56756 -6.08342e+11
5.56957 -7.16349e+11
5.57157 -8.27041e+11
5.57358 -9.40748e+11
5.57559 -1.0578e+12
5.57759 -1.17853e+12
5.5796 -1.30327e+12
5.58161 -1.43234e+12
5.58361 -1.56609e+12
5.58562 -1.70483e+12
5.58763 -1.8489e+12
5.58963 -1.99863e+12
5.59164 -2.15435e+12
5.59365 -2.3164e+12
5.59565 -2.48509e+12
5.59766 -2.66077e+12
5.59967 -2.84376e+12
5.60167 -3.03439e+12
5.60368 -3.233e+12
5.60569 -3.43991e+12
5.60769 -3.65546e+12
5.6097 -3.87997e+12
5.61171 -4.11378e+12
5.61371 -4.35722e+12
5.61572 -4.61061e+12
5.61773 -4.87429e+12
5.61973 -5.14859e+12
5.62174 -5.43384e+12
5.62375 -5.73037e+12
5.62575 -6.03851e+12
5.62776 -6.35859e+12
5.62977 -6.69094e+12
5.63177 -7.03589e+12
5.63378 -7.39378e+12
5.63579 -7.76493e+12
5.63779 -8.14967e+12
5.6398 -8.54833e+12
5.64181 -8.96125e+12
5.64381 -9.38876e+12
5.64582 -9.83118e+12
5.64783 -1.02889e+13
5.64983 -1.07621e+13
5.65184 -1.12512e+13
5.65385 -1.17566e+13
5.65585 -1.22786e+13
5.65786 -1.28175e+13
5.65987 -1.33735e+13
5.66187 -1.39472e+13
5.66388 -1.45387e+13
5.66589 -1.51485e+13
5.66789 -7.29652e+10
5.6699 -1.92451e+11
5.67191 -3.1174e+11
5.67391 -4.30481e+11
5.67592 -5.48324e+11
5.67793 -6.64915e+11
5.67993 -7.79905e+11
5.68194 -8.92942e+11
5.68395 -1.00367e+12
5.68595 -1.11175e+12
5.68796 -1.21682e+12
5.68997 -1.31853e+12
5.69197 -1.41653e+12
5.69398 -1.51046e+12
5.69599 -1.59999e+12
5.69799 -1.68475e+12
5.7 -1.7644e+12
