10
5 7035.08 1.00952e+12 -8.09637e+13 -2.10649e+16
5.11111 7024.6 -8.2928e+12 -8.62787e+13 1.53019e+16
5.22222 7921.64 -1.81111e+13 -9.02323e+13 -6.72335e+14
5.33333 8756.25 -2.82978e+13 -9.28259e+13 -6.01903e+16
5.44444 9361.04 -3.86955e+13 -9.40359e+13 1.16743e+16
5.55556 9977.26 -4.91383e+13 -9.36518e+13 -4.09087e+16
5.66667 10889.2 -5.94544e+13 -9.17926e+13 4.34829e+16
5.77778 12108.6 -6.94676e+13 -8.82803e+13 8.21474e+16
5.88889 13132.7 -7.89992e+13 -8.31246e+13 4.82107e+16
6 12799 -8.78702e+13 -7.63526e+13 2.47539e+16
